7
-1 81 50 18 75 39 107
81 -1 76 21 37 26 34
50 76 -1 24 14 58 100
18 21 24 -1 19 58 68
75 37 14 19 -1 31 60
39 26 58 58 31 -1 64
107 34 100 68 60 64 -1